2X2地砖,0,0,1000,说明要自己写，按[确定]钮后才能保存
L形人行道砖,0,0,100,
S形人行道砖,0,0,100,
编织材料,0,0,500,
编织花纹,0,0,200,
编织金属网,0,0,500,
玻璃,0,0,100,
玻璃1,0,0,100,
玻璃2,0,0,100,
玻璃影1,0,0,500,
玻璃影2,0,0,500,
玻璃砖墙,0,0,100,
草坪或沼泽,0,0,100,
窗花1,0,0,500,
窗花2,0,0,1000,
窗花3,0,0,1000,
窗花4,0,0,1000,
大理石,0,0,500,
大理石2,0,0,1000,
大理石3,0,0,1000,
大理石4,0,0,1000,
地板1,0,0,1000,
地板2,0,0,1000,
地板3,0,0,1000,
地板4,0,0,1000,
多孔材料,0,0,100,
鹅卵石,0,0,1000,
防水材料,0,0,100,
粉刷,0,0,100,
钢筋混凝土,0,0,100,
隔热材料01,0,0,1000,
隔热材料02,0,0,1000,
隔热材料03,0,0,1000,
夯实土壤,0,0,100,
混凝土,0,0,100,
加气混凝土,0,0,100,
胶合板,0,0,100,
胶合板1,0,0,1000,
焦渣矿渣,0,0,100,
金属,0,0,100,
矩形格条面板,0,0,100,
空心砖,0,0,100,
离散材料,0,0,100,
立面砖1,0,0,500,
立面砖2,0,0,1000,
立面砖240,0,0,500,
立面砖3,0,0,1000,
立面砖4,0,0,1000,
立面砖5,0,0,1000,
砾石铺砌,0,0,100,
菱形金属网,0,0,500,
卵石1,0,0,200,
卵石2,0,0,1000,
卵石3,0,0,1000,
毛石,0,0,100,
毛石2,0,0,1000,
茅草屋面,0,0,100,
木板,0,0,100,
木材,0,0,100,
木材2,0,0,1000,
木地板,0,0,100,
木地板1,0,0,100,
木纹,0,0,500,
木纹1,0,0,1000,
木纹2,0,0,1000,
木纹3,0,0,1000,
木纹4,0,0,200,
木纹5,0,0,200,
木纹6,0,0,500,
耐火砖,0,0,100,
片石墙,0,0,1000,
拚花地砖01,0,0,100,
拼花地砖02,0,0,100,
拼花地砖03,0,0,100,
平铺砖,0,0,100,
铺地1,0,0,1000,
铺地11,0,0,1000,
铺地12,0,0,1000,
铺地13,0,0,1000,
铺地14,0,0,1000,
铺地15,0,0,1000,
铺地2,0,0,1000,
铺地3,0,0,1000,
铺地4,0,0,1000,
普通砖,0,0,100,
墙纸1,0,0,1000,
墙纸2,0,0,200,
人字花纹,0,0,100,
人字形人行道砖,0,0,100,
砂灰土,0,0,100,
砂石碎砖,0,0,100,
十字花纹,0,0,100,
石板屋面,0,0,100,
石膏板,0,0,100,
实木地板,0,0,100,
饰面砖,0,0,100,
竖砌石材,0,0,200,
竖砌砖墙,0,0,200,
水,0,0,100,
松散材料,0,0,100,
塑料,0,0,100,
天然石材,0,0,100,
条板栏杆,0,0,100,
铁艺花格网,0,0,100,
土壤,0,0,100,
弯瓦屋面,0,0,100,
网状材料,0,0,100,
文化石1,0,0,500,
文化石2,0,0,1000,
文化石3,0,0,500,
西班牙屋面,0,0,100,
纤维材料,0,0,100,
橡胶,0,0,100,
虚线方格,0,0,100,
圆形花纹,0,0,100,
正方形花纹,0,0,100,
